135 13.45   297  17.2  8011.   1.00   297.0   17.2   2.473   0.024
136 13.55   218  14.8  8029.   1.00   218.0   14.8   2.338   0.028
137 13.65   163  12.8  8111.   1.00   163.0   12.8   2.212   0.033
138 13.75   129  11.4  7886.   1.00   129.0   11.4   2.111   0.037
139 13.85   106  10.3  8166.   1.00   106.0   10.3   2.025   0.040
140 13.95    68   8.2  8239.   1.00    68.0    8.2   1.833   0.050
141 14.05    62   7.9  8113.   1.00    62.0    7.9   1.792   0.052
142 14.15    35   5.9  8358.   1.00    35.0    5.9   1.544   0.068
143 14.25    20   4.5  7964.   1.00    20.0    4.5   1.301   0.088
144 14.35    20   4.5  7785.   1.00    20.0    4.5   1.301   0.088
145 14.45    14   3.7  7005.   1.00    14.0    3.7   1.146   0.103
146 14.55    13   3.6  7822.   1.00    13.0    3.6   1.114   0.106
147 14.65     5   2.2  8474.   1.00     5.0    2.2   0.699   0.161
148 14.75     0   0.0     0.   1.00     0.0    0.0  -1.000   1.000
149 14.85     2   1.4  7949.   1.00     2.0    1.4   0.301   0.232
150 14.95     1   1.0  9282.   1.00     1.0    1.0   0.000   0.301
151 15.05     1   1.0  5281.   1.00     1.0    1.0   0.000   0.301
152 15.15     1   1.0  5118.   1.00     1.0    1.0   0.000   0.301
153 15.25     3   1.7  8622.   1.00     3.0    1.7   0.477   0.198
154 15.35     0   0.0     0.   1.00     0.0    0.0 -99.000   0.000
155 15.45     0   0.0     0.   1.00     0.0    0.0 -99.000   0.000
156 15.55     0   0.0     0.   1.00     0.0    0.0 -99.000   0.000
157 15.65     0   0.0     0.   1.00     0.0    0.0 -99.000   0.000
158 15.75     0   0.0     0.   1.00     0.0    0.0 -99.000   0.000
159 15.85     0   0.0     0.   1.00     0.0    0.0 -99.000   0.000
160 15.95     0   0.0     0.   1.00     0.0    0.0 -99.000   0.000
