   7.000   7.688   7.707   7.725   7.741   7.758   7.773   7.788   7.801   7.814   7.827   7.838   7.850   7.861   7.872   7.882   7.892   7.901
   7.204   7.497   7.516   7.534   7.551   7.567   7.582   7.597   7.610   7.623   7.636   7.648   7.660   7.671   7.681   7.692   7.702   7.711
   7.408   7.311   7.330   7.348   7.365   7.381   7.397   7.411   7.425   7.438   7.451   7.463   7.475   7.486   7.497   7.507   7.517   7.526
   7.612   7.125   7.144   7.162   7.180   7.196   7.212   7.226   7.240   7.254   7.266   7.279   7.290   7.301   7.312   7.323   7.333   7.345
   7.816   6.939   6.959   6.977   6.995   7.011   7.027   7.045   7.056   7.069   7.082   7.094   7.106   7.120   7.131   7.141   7.149   7.159
   8.020   6.754   6.774   6.793   6.814   6.827   6.842   6.858   6.872   6.888   6.900   6.913   6.922   6.934   6.945   6.955   6.965   6.973
   8.224   6.573   6.589   6.608   6.626   6.643   6.660   6.673   6.690   6.702   6.715   6.727   6.739   6.748   6.760   6.770   6.783   6.792
   8.429   6.385   6.405   6.424   6.441   6.461   6.475   6.490   6.505   6.516   6.530   6.542   6.556   6.568   6.581   6.590   6.602   6.610
   8.633   6.200   6.223   6.240   6.259   6.276   6.290   6.305   6.320   6.336   6.351   6.364   6.376   6.385   6.398   6.408   6.418   6.428
   8.837   6.017   6.038   6.057   6.073   6.090   6.109   6.127   6.141   6.155   6.168   6.180   6.192   6.204   6.213   6.228   6.237   6.248
   9.041   5.832   5.852   5.874   5.895   5.912   5.928   5.944   5.957   5.971   5.983   5.996   6.008   6.024   6.034   6.046   6.055   6.065
   9.245   5.650   5.674   5.693   5.712   5.728   5.744   5.758   5.773   5.790   5.802   5.818   5.829   5.841   5.853   5.862   5.872   5.883
   9.449   5.469   5.489   5.509   5.526   5.543   5.561   5.579   5.594   5.608   5.622   5.636   5.648   5.659   5.670   5.682   5.694   5.705
   9.653   5.285   5.304   5.325   5.346   5.364   5.381   5.397   5.413   5.426   5.442   5.453   5.468   5.480   5.492   5.504   5.515   5.525
   9.857   5.100   5.124   5.145   5.164   5.183   5.200   5.215   5.232   5.247   5.261   5.275   5.288   5.301   5.313   5.324   5.335   5.346
  10.061   4.920   4.942   4.963   4.981   5.002   5.019   5.036   5.052   5.067   5.082   5.095   5.109   5.121   5.133   5.145   5.156   5.167
  10.265   4.738   4.760   4.782   4.802   4.821   4.839   4.856   4.872   4.887   4.902   4.916   4.929   4.942   4.955   4.967   4.978   4.989
  10.469   4.555   4.579   4.600   4.621   4.640   4.658   4.676   4.692   4.708   4.723   4.737   4.751   4.764   4.776   4.788   4.800   4.811
  10.673   4.373   4.397   4.419   4.440   4.460   4.478   4.496   4.513   4.529   4.544   4.558   4.572   4.585   4.598   4.611   4.622   4.634
  10.878   4.191   4.215   4.238   4.259   4.279   4.298   4.316   4.333   4.349   4.365   4.380   4.394   4.407   4.421   4.433   4.445   4.457
  11.082   4.009   4.033   4.056   4.078   4.099   4.118   4.136   4.154   4.170   4.186   4.201   4.216   4.233   4.243   4.256   4.268   4.280
  11.286   3.826   3.851   3.875   3.897   3.918   3.938   3.960   3.974   3.994   4.007   4.023   4.038   4.052   4.065   4.078   4.094   4.103
  11.490   3.642   3.668   3.692   3.718   3.740   3.760   3.776   3.794   3.812   3.828   3.844   3.859   3.871   3.891   3.901   3.914   3.927
  11.694   3.458   3.488   3.512   3.533   3.555   3.576   3.592   3.614   3.629   3.649   3.665   3.681   3.696   3.710   3.724   3.734   3.749
  11.898   3.275   3.300   3.325   3.346   3.369   3.391   3.414   3.433   3.451   3.469   3.486   3.501   3.517   3.529   3.546   3.560   3.575
  12.102   3.085   3.110   3.137   3.165   3.188   3.210   3.231   3.251   3.270   3.288   3.305   3.322   3.339   3.354   3.369   3.383   3.395
  12.306   2.893   2.925   2.952   2.978   3.002   3.025   3.047   3.067   3.087   3.107   3.125   3.141   3.157   3.173   3.188   3.203   3.215
  12.510   2.705   2.734   2.762   2.789   2.814   2.839   2.860   2.883   2.902   2.921   2.940   2.958   2.973   2.990   3.006   3.021   3.037
  12.714   2.508   2.540   2.569   2.597   2.623   2.647   2.670   2.693   2.714   2.733   2.753   2.772   2.790   2.807   2.824   2.839   2.854
  12.918   2.307   2.341   2.371   2.400   2.427   2.451   2.477   2.499   2.523   2.544   2.564   2.583   2.602   2.620   2.637   2.653   2.669
  13.122   2.102   2.135   2.167   2.197   2.226   2.253   2.278   2.302   2.325   2.348   2.369   2.389   2.409   2.427   2.445   2.463   2.479
  13.327   1.888   1.923   1.956   1.987   2.017   2.045   2.072   2.097   2.122   2.145   2.167   2.188   2.209   2.229   2.248   2.266   2.283
  13.531   1.663   1.700   1.734   1.767   1.798   1.827   1.855   1.882   1.908   1.932   1.956   1.978   2.000   2.021   2.041   2.060   2.079
  13.735   1.425   1.463   1.499   1.533   1.566   1.597   1.626   1.654   1.681   1.707   1.732   1.756   1.779   1.800   1.822   1.842   1.862
  13.939   1.168   1.208   1.245   1.282   1.315   1.348   1.379   1.408   1.437   1.464   1.490   1.515   1.539   1.563   1.585   1.607   1.628
  14.143   0.888   0.929   0.968   1.005   1.040   1.075   1.107   1.138   1.167   1.196   1.224   1.249   1.276   1.301   1.324   1.347   1.370
  14.347   0.575   0.617   0.658   0.696   0.732   0.767   0.801   0.833   0.864   0.894   0.923   0.951   0.978   1.004   1.030   1.054   1.077
  14.551   0.219   0.262   0.301   0.340   0.378   0.414   0.449   0.481   0.513   0.544   0.575   0.605   0.632   0.659   0.687   0.711   0.736
  14.755  -0.196  -0.154  -0.115  -0.076  -0.040  -0.004   0.030   0.065   0.096   0.128   0.160   0.189   0.218   0.247   0.274   0.302   0.329
  14.959  -0.691  -0.654  -0.618  -0.582  -0.544  -0.512  -0.478  -0.446  -0.414  -0.382  -0.352  -0.321  -0.291  -0.265  -0.238  -0.209  -0.183
  15.163  -1.298  -1.265  -1.236  -1.206  -1.176  -1.147  -1.116  -1.084  -1.055  -1.030  -1.002  -0.964  -0.947  -0.918  -0.889  -0.863  -0.837
  15.367  -2.057  -2.040  -2.023  -2.002  -1.979  -1.958  -1.941  -1.919  -1.897  -1.875  -1.847  -1.853  -1.802  -1.783  -1.750  -1.737  -1.710
  15.571  -3.033  -3.037  -3.039  -3.047  -3.043  -3.039  -3.026  -3.016  -3.011  -3.000  -2.985  -2.990  -2.961  -2.949  -2.980  -2.910  -2.891
  15.776  -4.318  -4.365  -4.404  -4.431  -4.457  -4.489  -4.508  -4.534  -4.538  -4.552  -4.630  -4.558  -4.562  -4.565  -4.587  -4.573  -4.574
  15.980  -6.036  -6.135  -6.245  -6.337  -6.429  -6.490  -6.653  -6.622  -6.669  -6.719  -6.799  -6.829  -6.864  -6.875  -6.941  -6.963  -6.964
  16.184  -8.371  -8.594  -8.790  -9.105  -9.148  -9.302  -9.488  -9.625  -9.747  -9.835  -9.941 -10.096 -10.159 -10.238 -10.310 -10.391 -10.521
  16.388 -11.619 -12.047 -12.371 -12.742 -13.087 -13.382 -13.624 -13.952 -14.216 -14.392 -14.624 -14.815 -15.095 -15.276 -15.364 -15.629 -15.664
  16.592 -16.193 -16.933 -17.562 -18.105 -18.761 -19.321 -19.775 -20.236 -20.696 -21.235 -21.525 -22.061 -22.376 -22.764 -23.098 -23.420 -23.755
  16.796 -22.831 -23.867 -25.056 -26.054 -26.998 -27.944 -28.979 -29.852 -30.605 -31.307 -32.149 -32.878 -33.596 -33.985 -34.859 -35.232 -36.100
  17.000 -32.406 -34.232 -35.970 -37.940 -39.631 -41.041 -42.603 -44.202 -45.646 -47.218 -48.312 -49.253 -50.438 -51.660 -52.604 -53.540 -54.854
