  n         chi2      alfa
 -1   208.000251   -0.5000
  0   207.903322   -0.4974
  1   212.628393   -0.4872
  2   203.588659   -0.5139
  3   193.943239   -0.5492
  4   149.793584   -0.6390
  5   127.149741   -0.6770
  6    95.230829   -0.7559
  7    95.049356   -0.7461
  8    94.352120   -0.7517
  9    94.582036   -0.7572
 10    95.660985   -0.7415
 11    94.879058   -0.7490
 12    94.918067   -0.7458
 13    94.503807   -0.7482
 14    94.390418   -0.7480
 15    94.204695   -0.7601
 16    94.306620   -0.7568
 17    93.813085   -0.7503
 18    94.980714   -0.7492
 19    94.272769   -0.7568
 20    95.470856   -0.7595
 21    93.482752   -0.7463
 22    94.593101   -0.7573
 23    94.830512   -0.7449
 24    94.503807   -0.7482
 25    94.627678   -0.7521
 26    95.219898   -0.7496
 27    94.040467   -0.7511
 28    94.816308   -0.7454
 29    99.568450   -0.7244
 30    94.821588   -0.7454
 31    94.140328   -0.7475
 32    94.026075   -0.7541
 33    98.417014   -0.7655
 34    98.657564   -0.7259
 35    96.669511   -0.7623
 36    99.295820   -0.7290
 37    98.649020   -0.7319
 38    96.539248   -0.7380
 39    94.535647   -0.7571
 40    98.112030   -0.7304
 41    94.816308   -0.7454
 42    94.505528   -0.7550
 43    94.816308   -0.7453
 44    95.423127   -0.7592
 45    49.052637   -0.8757
 46    28.809541   -0.8972
 47    18.048146   -0.9471
 48     8.345112   -0.9425
 49     8.028829   -0.9419
 50     8.759020   -0.9432
 51    10.454205   -0.9342
 52     8.016305   -0.9417
 53     8.754265   -0.9360
 54     7.509873   -0.9383
 55    10.527630   -0.9341
 56     9.684037   -0.9440
 57     8.302707   -0.9364
 58     8.267865   -0.9365
 59     7.703053   -0.9375
 60    15.108653   -0.9308
 61    11.868637   -0.9452
 62     8.893066   -0.9357
 63     8.537291   -0.9362
 64     8.790637   -0.9358
 65     9.844560   -0.9348
 66     8.213466   -0.9424
 67     7.755927   -0.9414
 68     8.016305   -0.9417
 69     7.487580   -0.9380
 70    10.799123   -0.9447
 71     7.546030   -0.9381
 72     7.687591   -0.9374
 73     7.322413   -0.9394
 74     7.487580   -0.9381
 75     7.595814   -0.9408
 76     7.378917   -0.9401
 77     8.267865   -0.9365
 78     7.533625   -0.9378
 79     7.364277   -0.9400
 80     7.638366   -0.9411
 81     7.355742   -0.9403
 82     7.343853   -0.9389
 83     8.992181   -0.9356
 84    10.182015   -0.9344
 85     9.844560   -0.9348
 86     8.580734   -0.9430
 87     7.487580   -0.9380
 88     7.748240   -0.9414
 89    10.467496   -0.9445
 90     7.472198   -0.9383
 91     7.372390   -0.9400
 92     8.345112   -0.9425
 93     7.365279   -0.9401
 94     7.306398   -0.9394
 95     7.638366   -0.9411
 96    18.503545   -0.9282
 97    11.812637   -0.9329
 98     9.512863   -0.9438
 99    12.302963   -0.9323
100    10.625845   -0.9339
101    13.272872   -0.9319
102    10.625845   -0.9339
103    10.659137   -0.9446
104    13.367418   -0.9318
105     7.999869   -0.9368
106     7.373591   -0.9387
107     7.300315   -0.9394
108    10.833585   -0.9448
109     7.999869   -0.9368
110     7.756617   -0.9373
111    10.758991   -0.9338
112     7.365279   -0.9401
113    13.464260   -0.9458
114    12.184301   -0.9325
115     8.790637   -0.9358
116     9.701240   -0.9350
117     7.364277   -0.9399
118    10.118087   -0.9345
119    11.755430   -0.9329
120     7.493879   -0.9379
121     7.404895   -0.9386
122     7.472198   -0.9383
123     7.534935   -0.9381
124     9.361330   -0.9436
125     8.828809   -0.9359
126     7.351729   -0.9389
127     7.354040   -0.9388
128     8.408090   -0.9363
129     7.539744   -0.9381
130     7.703053   -0.9375
131     8.580734   -0.9431
132     8.114236   -0.9420
133     8.124920   -0.9421
134     8.430474   -0.9362
135     7.728710   -0.9373
136     7.371092   -0.9402
137     7.371092   -0.9402
138     7.354040   -0.9387
139     8.345112   -0.9425
140     7.343667   -0.9391
141     7.595814   -0.9408
142    13.804862   -0.9315
143    11.995833   -0.9326
144     7.505864   -0.9379
145     7.849858   -0.9415
146     7.682832   -0.9413
147     7.661814   -0.9412
148     8.028829   -0.9419
149     7.271282   -0.9396
150     7.265630   -0.9397
151     7.622210   -0.9377
152    10.625845   -0.9340
153    10.317123   -0.9445
154     8.860029   -0.9358
155     8.952884   -0.9356
156     7.483850   -0.9380
157     7.373591   -0.9386
158     8.563682   -0.9429
159     9.361330   -0.9437
160     7.355742   -0.9403
161     8.768442   -0.9432
162     8.005714   -0.9419
163     8.759020   -0.9432
164     8.546864   -0.9429
165    10.430558   -0.9445
166     7.373591   -0.9387
167     9.868972   -0.9348
168    10.937328   -0.9335
169     8.124920   -0.9421
170     7.294288   -0.9394
171     7.333637   -0.9392
172     7.440028   -0.9385
173     7.265630   -0.9397
174     7.500373   -0.9383
175     8.114236   -0.9420
176     8.019411   -0.9419
177     7.595814   -0.9408
178     7.794373   -0.9372
179     8.425236   -0.9363
180     8.438203   -0.9427
181     7.533625   -0.9378
182     8.169954   -0.9423
183    10.017273   -0.9346
184     9.306244   -0.9436
185     9.684037   -0.9440
186    13.970702   -0.9314
187    19.650753   -0.9478
188     7.464053   -0.9406
189    11.954351   -0.9452
190    12.314599   -0.9455
191     7.633728   -0.9410
192    10.454205   -0.9342
193     7.265630   -0.9397
194     8.572179   -0.9430
195    10.555075   -0.9446
196     8.140957   -0.9366
197     8.114236   -0.9421
198     7.808622   -0.9371
199     7.306398   -0.9394
200     7.343667   -0.9391
201     7.271282   -0.9397
202     9.743619   -0.9440
203    11.583015   -0.9331
204     8.218634   -0.9366
205     8.119549   -0.9421
206     7.661814   -0.9412
207     8.438203   -0.9427
208     8.042607   -0.9368
209    19.558314   -0.9275
210    10.806430   -0.9336
211     8.267865   -0.9365
212     9.608779   -0.9351
213     8.855108   -0.9359
214    10.017273   -0.9346
215     7.641825   -0.9411
216     7.614706   -0.9409
217     7.336918   -0.9388
218     8.284382   -0.9365
219     7.265630   -0.9397
220     7.472198   -0.9383
221     7.378917   -0.9402
222     7.345529   -0.9388
223     9.801758   -0.9441
224    11.931800   -0.9328
225     7.868010   -0.9370
226     9.361330   -0.9437
227     7.364277   -0.9399
228     7.595814   -0.9409
229     7.361715   -0.9402
230     7.343667   -0.9391
231     7.422352   -0.9385
232     7.604669   -0.9377
233     8.580734   -0.9430
234     8.878914   -0.9358
235     7.636341   -0.9411
236     7.271282   -0.9396
237     7.488930   -0.9406
238     8.058203   -0.9367
239     9.608779   -0.9351
240     7.448948   -0.9385
241     7.265630   -0.9397
242    18.579515   -0.9473
243    19.501175   -0.9478
244     7.271282   -0.9397
245     7.284494   -0.9398
246     9.633261   -0.9350
247     9.361330   -0.9436
248     8.114236   -0.9420
249     8.140957   -0.9366
250     7.935994   -0.9416
251     9.970443   -0.9347
252     8.114236   -0.9420
253     8.028829   -0.9419
254     7.464053   -0.9406
255     7.596057   -0.9409
256     9.332152   -0.9353
257    10.182015   -0.9344
258    10.317123   -0.9444
259    13.594000   -0.9317
260     8.475685   -0.9427
261     7.364277   -0.9400
262     9.361330   -0.9437
263     7.808622   -0.9371
264    10.317123   -0.9445
265    10.404280   -0.9342
266    16.470845   -0.9298
267     9.306244   -0.9436
268     8.359704   -0.9364
269    11.583015   -0.9331
270     9.176758   -0.9354
271     9.746177   -0.9349
272     8.321691   -0.9425
273     8.828809   -0.9359
274     7.464053   -0.9405
275     7.916635   -0.9415
276     9.284042   -0.9435
277     7.265630   -0.9397
278    15.294848   -0.9461
279     8.874903   -0.9357
280     7.669888   -0.9376
281     8.828809   -0.9359
282     9.842863   -0.9442
283     8.768442   -0.9432
284     8.836415   -0.9358
285     9.520716   -0.9351
286     7.358441   -0.9403
287    11.462381   -0.9449
288     9.239205   -0.9435
289     8.425236   -0.9363
290     8.768442   -0.9432
291    12.058906   -0.9453
292     7.914081   -0.9416
293     7.701018   -0.9373
294     7.396248   -0.9386
295     7.265630   -0.9397
296     7.938760   -0.9369
297     7.844364   -0.9370
298     7.499771   -0.9407
299     8.135833   -0.9422
300     8.224631   -0.9424
301     7.342593   -0.9390
302     7.830031   -0.9371
303     7.851502   -0.9370
304     8.012361   -0.9417
305    12.378859   -0.9456
306     8.489305   -0.9428
307     8.538543   -0.9429
308     7.766037   -0.9372
309     7.343667   -0.9391
310     7.349964   -0.9390
311     8.498426   -0.9362
312     7.657131   -0.9376
313     9.284042   -0.9435
314     9.344624   -0.9436
315     9.645047   -0.9439
316    14.105101   -0.9313
317    15.550473   -0.9304
318     8.146976   -0.9422
319     7.276536   -0.9395
320     7.362607   -0.9387
321     8.321691   -0.9425
322     8.302707   -0.9364
323     7.682832   -0.9413
324     7.472198   -0.9383
325     7.728710   -0.9373
326    10.659137   -0.9446
327     7.271282   -0.9396
328     7.269404   -0.9397
329     7.365279   -0.9401
330     7.687591   -0.9374
331     7.661814   -0.9412
332     7.910572   -0.9416
333     7.780178   -0.9372
334     7.595814   -0.9409
335     9.416726   -0.9437
336     9.284042   -0.9435
337     7.343853   -0.9389
338     8.130348   -0.9421
339     7.370933   -0.9400
340     7.265630   -0.9397
341     9.361330   -0.9436
342    11.848723   -0.9451
343    11.583015   -0.9332
344    14.687872   -0.9460
345    13.503347   -0.9317
346     8.440137   -0.9426
347    10.776866   -0.9338
348     8.158350   -0.9423
349     7.661814   -0.9412
350     7.343667   -0.9391
351    16.645830   -0.9466
352    12.272072   -0.9455
353    10.387835   -0.9342
354     7.954044   -0.9369
355     8.530280   -0.9429
356     8.320102   -0.9364
357     8.114236   -0.9420
358     7.701018   -0.9374
359     7.282398   -0.9395
360     7.499771   -0.9407
361     7.500373   -0.9383
362     7.276536   -0.9395
363     8.430474   -0.9362
364     7.626628   -0.9377
365     7.442877   -0.9384
366     7.373591   -0.9387
367     7.527069   -0.9382
368     7.517372   -0.9382
369     7.368807   -0.9401
370     8.972506   -0.9356
371     7.343667   -0.9391
372     9.892417   -0.9442
373     7.280087   -0.9396
374     8.058203   -0.9368
375     7.669888   -0.9376
376     9.465621   -0.9438
377     7.690080   -0.9375
378     7.794373   -0.9372
379     7.294620   -0.9398
380     8.548461   -0.9429
381     7.908650   -0.9369
382     7.849858   -0.9415
383     9.156303   -0.9354
384     8.481428   -0.9428
385     7.701018   -0.9374
386     7.846846   -0.9415
387    12.184301   -0.9325
388     8.563682   -0.9430
389     8.893066   -0.9357
390     7.364277   -0.9400
391     7.464053   -0.9406
392     8.028829   -0.9419
393    10.287231   -0.9343
394     9.609786   -0.9439
395     7.412674   -0.9404
396    10.094289   -0.9346
397     8.024092   -0.9419
398     8.676837   -0.9431
399     7.390284   -0.9399
400    16.980237   -0.9468
401     7.306398   -0.9394
402     7.908650   -0.9369
403    10.758991   -0.9338
404    12.272072   -0.9455
405     7.343667   -0.9390
406     7.688089   -0.9414
407     7.374329   -0.9402
408     7.687591   -0.9374
409     7.499831   -0.9379
410     8.005714   -0.9419
411     7.355742   -0.9403
412     7.638366   -0.9411
413    13.045873   -0.9321
414    11.443605   -0.9449
415    13.473087   -0.9317
416    25.617940   -0.9087
417    24.539697   -0.9137
418    18.544175   -0.9282
419    18.615855   -0.9281
420    19.331827   -0.9277
421    19.108635   -0.9475
422    18.000913   -0.9287
423    11.931800   -0.9327
424     7.844364   -0.9371
425     7.571637   -0.9378
426     7.634542   -0.9410
427     7.282398   -0.9395
428     8.700755   -0.9360
429     7.669888   -0.9376
430     8.320102   -0.9364
431     7.373591   -0.9387
432     8.158350   -0.9423
433     8.267865   -0.9365
434     7.455904   -0.9405
435     7.451942   -0.9384
436     7.331601   -0.9392
437     7.618233   -0.9409
438     8.205426   -0.9366
439     8.893066   -0.9357
440     7.271282   -0.9396
441     7.499771   -0.9407
442     7.355742   -0.9403
443     7.688089   -0.9414
444     7.595497   -0.9408
445     9.608779   -0.9350
446     7.821901   -0.9414
447     8.580734   -0.9430
448     8.012361   -0.9417
449     7.355742   -0.9403
450     7.488930   -0.9406
451    10.182015   -0.9344
452     9.657984   -0.9439
453     9.645047   -0.9439
454     8.230874   -0.9424
455     7.363518   -0.9387
456     7.464053   -0.9406
457     7.343853   -0.9389
458     7.487580   -0.9380
459     7.271282   -0.9396
460    10.659137   -0.9446
461     7.343667   -0.9391
462     7.815752   -0.9371
463    12.024928   -0.9326
464     9.250535   -0.9435
465     8.626986   -0.9361
466     9.161545   -0.9434
467     8.169954   -0.9423
468     9.918394   -0.9348
469     7.344715   -0.9392
470     7.701018   -0.9374
471    11.868637   -0.9451
472    11.583015   -0.9331
473    10.625845   -0.9340
474     8.933315   -0.9357
475     7.701018   -0.9374
476    10.510678   -0.9341
477     7.344952   -0.9388
478    10.094289   -0.9346
479    10.118087   -0.9345
480     8.440137   -0.9426
481     7.756617   -0.9373
482     7.442877   -0.9384
483     8.224631   -0.9424
484     8.175843   -0.9423
485     7.355742   -0.9403
486     7.258485   -0.9398
487    10.182015   -0.9344
488    10.706252   -0.9338
489     7.271282   -0.9396
490    10.709491   -0.9446
491     7.327374   -0.9393
492     7.566110   -0.9378
493    10.625845   -0.9340
494     9.476343   -0.9352
495     8.664226   -0.9361
496     7.638366   -0.9411
497     7.414857   -0.9404
498     7.490927   -0.9383
499     7.327374   -0.9393
500     7.368021   -0.9404
501     7.844364   -0.9371
502     7.682832   -0.9413
503     7.534935   -0.9381
504     8.425236   -0.9363
505    10.776866   -0.9337
506     8.073852   -0.9367
507     8.119549   -0.9421
508    15.550473   -0.9305
509    12.719149   -0.9321
510     7.509873   -0.9383
511     7.544300   -0.9378
512    12.103682   -0.9326
513     8.563682   -0.9429
514     7.664588   -0.9412
515     8.437198   -0.9427
516     7.271282   -0.9396
517     7.345529   -0.9388
518     8.440137   -0.9426
519     7.686280   -0.9413
520     8.105311   -0.9366
521     8.836415   -0.9358
522     8.855108   -0.9359
523     7.908650   -0.9369
524     8.124920   -0.9421
525     7.464053   -0.9405
526     7.636434   -0.9377
527     8.994698   -0.9433
528    11.834227   -0.9328
529     8.073852   -0.9367
530    11.960794   -0.9327
531    11.868637   -0.9452
532     7.595814   -0.9408
533     7.344715   -0.9392
534     8.573009   -0.9362
535     7.271282   -0.9396
536     7.462916   -0.9383
537     7.363518   -0.9387
538     7.596057   -0.9409
539     7.343667   -0.9391
540     7.544150   -0.9381
541     7.636434   -0.9377
542    16.893819   -0.9296
543    15.176798   -0.9308
544     9.465621   -0.9438
545    16.980237   -0.9468
546     7.893675   -0.9370
547     7.684528   -0.9413
548     9.577233   -0.9439
549     7.361715   -0.9402
550     7.509873   -0.9383
551     7.815752   -0.9371
552     7.616044   -0.9377
553     8.580734   -0.9431
554    10.555075   -0.9445
555     7.547379   -0.9381
556     7.448948   -0.9385
557     8.425236   -0.9363
558     8.236180   -0.9424
559     9.918394   -0.9348
560     8.267865   -0.9365
561     7.641825   -0.9411
562     7.265630   -0.9397
563     7.462916   -0.9384
564     7.677161   -0.9375
565     8.019411   -0.9419
566    10.625845   -0.9339
567     9.815118   -0.9441
568    11.550849   -0.9332
569     7.604669   -0.9377
570     9.033911   -0.9433
571    11.281403   -0.9333
572    14.105101   -0.9313
573    15.176798   -0.9307
574     9.344624   -0.9436
575     7.669888   -0.9376
576     8.759020   -0.9432
577     9.070662   -0.9355
578     8.473609   -0.9428
579     7.632969   -0.9410
580    13.040435   -0.9321
581     8.828809   -0.9359
582     7.703053   -0.9375
583     7.342581   -0.9391
584     7.690080   -0.9375
585     7.638366   -0.9411
586     7.908650   -0.9369
587     7.728710   -0.9373
588     7.868010   -0.9370
589     7.352839   -0.9403
590     7.682832   -0.9413
591     9.743619   -0.9440
592     7.354040   -0.9387
593    11.960794   -0.9327
594     8.005714   -0.9419
595     7.488930   -0.9406
596     8.676837   -0.9431
597     8.768442   -0.9432
598    10.317123   -0.9445
599    10.758991   -0.9338
600     7.327374   -0.9393
601    10.429217   -0.9342
602     7.265630   -0.9397
603     7.378917   -0.9401
604     8.191860   -0.9423
605    11.995833   -0.9326
606     7.373591   -0.9386
607     7.342581   -0.9392
608     7.517372   -0.9382
609     7.844364   -0.9370
610     7.488930   -0.9406
611     7.500615   -0.9407
612     9.454616   -0.9352
613     7.284447   -0.9398
614     7.714837   -0.9373
615     8.073852   -0.9367
616     9.102521   -0.9433
617     9.246920   -0.9354
618     7.728710   -0.9373
619     8.855108   -0.9359
620     8.058203   -0.9367
621     7.517372   -0.9382
622     7.373591   -0.9387
623     8.140957   -0.9366
624     9.070662   -0.9355
625     7.282398   -0.9395
626     7.358441   -0.9403
627    10.454205   -0.9342
628    10.781983   -0.9447
629     7.373591   -0.9386
630    13.055236   -0.9457
631     7.371092   -0.9402
632     7.669888   -0.9376
633     7.283931   -0.9399
634     7.306398   -0.9394
635     7.938760   -0.9369
636     7.632969   -0.9410
637     8.146976   -0.9422
638     7.440028   -0.9385
639     7.499771   -0.9407
640     7.666059   -0.9412
641     7.288315   -0.9395
642     7.999671   -0.9417
643     7.666059   -0.9413
644     7.349964   -0.9390
645     7.669888   -0.9375
646     7.509873   -0.9382
647     8.430474   -0.9362
648     8.005714   -0.9419
649     8.425236   -0.9363
650     7.935994   -0.9416
651     8.430474   -0.9362
652     7.682832   -0.9413
653     8.267865   -0.9365
654     7.923678   -0.9369
655     7.462916   -0.9384
656     7.371092   -0.9402
657     8.284382   -0.9365
658     9.465621   -0.9438
659     8.847578   -0.9359
660     8.164123   -0.9423
661     7.919996   -0.9415
662     7.365279   -0.9401
663     7.464053   -0.9405
664     7.342593   -0.9390
665     7.687591   -0.9374
666     8.376637   -0.9363
667     9.070662   -0.9356
668     8.114236   -0.9420
669    15.922863   -0.9301
670     7.327374   -0.9393
671     7.517372   -0.9382
672     7.644427   -0.9376
673    10.799123   -0.9447
674     7.483850   -0.9380
675     7.766037   -0.9372
676    10.510678   -0.9341
677     9.746177   -0.9349
678     7.374329   -0.9402
679     7.533625   -0.9378
680     8.114236   -0.9420
681     7.638366   -0.9411
682     8.498426   -0.9362
683     8.359704   -0.9364
684    10.287231   -0.9343
685     7.483850   -0.9380
686     7.923413   -0.9416
687     7.280087   -0.9396
688     8.345112   -0.9425
689     8.158350   -0.9423
690     7.331601   -0.9392
691     7.265630   -0.9397
692     9.216722   -0.9434
693     7.943520   -0.9416
694     8.408090   -0.9363
695     9.329388   -0.9436
696     8.580734   -0.9430
697    10.336232   -0.9343
698     8.302707   -0.9364
699    12.211957   -0.9454
700    10.555075   -0.9446
701     8.068025   -0.9420
702     8.119549   -0.9421
703     7.344715   -0.9392
704     7.794373   -0.9372
705     7.555760   -0.9378
706     8.321691   -0.9425
707    15.618291   -0.9302
708     7.919996   -0.9416
709     7.265630   -0.9397
710     7.688089   -0.9413
711    10.659137   -0.9446
712    10.387835   -0.9342
713     8.011576   -0.9368
714     7.748240   -0.9414
715     8.012361   -0.9418
716     8.580734   -0.9431
717     7.756617   -0.9373
718     7.331601   -0.9392
719     9.947106   -0.9347
720    13.692298   -0.9316
721     7.373591   -0.9386
722     7.544150   -0.9381
723     7.780178   -0.9372
724     7.355759   -0.9404
725    11.687223   -0.9450
726     8.016305   -0.9417
727     7.687591   -0.9374
728     7.488930   -0.9406
729    10.454205   -0.9342
730     7.371092   -0.9402
731     7.336604   -0.9388
732     7.914081   -0.9416
733    11.931800   -0.9328
734     7.688089   -0.9413
735     8.073852   -0.9367
736     7.534935   -0.9381
737     8.191860   -0.9423
738     7.596057   -0.9409
739     7.669888   -0.9376
740     7.352839   -0.9403
741     8.994698   -0.9433
742     9.361330   -0.9437
743     9.070662   -0.9355
744     8.031957   -0.9418
745     8.152634   -0.9422
746     8.105311   -0.9367
747     8.042607   -0.9368
748     8.847578   -0.9359
749     7.666059   -0.9412
750     7.571637   -0.9378
751     8.676837   -0.9431
752     8.563682   -0.9430
753     7.300315   -0.9394
754     7.336604   -0.9388
755     7.322413   -0.9394
756     8.230874   -0.9424
757     9.512863   -0.9438
758     7.355742   -0.9403
759     7.343667   -0.9391
760     8.521812   -0.9362
761     7.440028   -0.9385
762     7.349964   -0.9390
763     8.189229   -0.9366
764     8.676837   -0.9431
765    10.454205   -0.9342
766     7.344563   -0.9393
767     8.933315   -0.9357
768    10.610228   -0.9340
769    15.283706   -0.9306
770     7.371092   -0.9402
771     7.265630   -0.9397
772     8.012361   -0.9417
773     7.815752   -0.9371
774     8.158350   -0.9423
775     7.361178   -0.9403
776     7.442877   -0.9384
777     7.684528   -0.9413
778     7.271282   -0.9397
779     8.933315   -0.9357
780     8.024092   -0.9419
781     7.908650   -0.9369
782     7.343667   -0.9391
783     8.580734   -0.9431
784     7.595627   -0.9408
785     7.499771   -0.9407
786     8.205426   -0.9366
787     7.288315   -0.9395
788     8.158350   -0.9423
789     7.373591   -0.9386
790     8.005714   -0.9419
791     7.499831   -0.9379
792     7.657131   -0.9376
793     7.657131   -0.9376
794     7.641825   -0.9411
795     8.019411   -0.9419
796     8.694815   -0.9432
797     8.028829   -0.9419
798     8.191860   -0.9423
799     7.268560   -0.9396
800     7.690080   -0.9375
801     7.923413   -0.9416
802     8.390581   -0.9426
803     9.070662   -0.9355
804     8.563682   -0.9430
805     8.646041   -0.9361
806    10.182015   -0.9344
807     7.703053   -0.9375
808     7.756617   -0.9373
809     7.517372   -0.9382
810     9.216722   -0.9434
811     7.592764   -0.9377
812     9.892417   -0.9442
813     7.352839   -0.9403
814     8.024092   -0.9419
815     8.267865   -0.9365
